

-4.49090909090909e+001,4.71374109761207e-001,-4.52727272727273e+001,2.25969836614998e-001
-4.00000000000000e+001,4.75000000000000e-001,-4.03636363636364e+001,3.12545035609552e-001
-3.01818181818182e+001,4.58058232090490e-001,-3.00000000000000e+001,5.23732718894009e-001
-2.00000000000000e+001,3.65092165898617e-001,-2.00000000000000e+001,7.86751152073733e-001
-9.81818181818182e+000,2.03001675743611e-001,-1.00000000000000e+001,9.28801843317972e-001
 3.63636363636367e-001,-4.01968998743196e-003,0.00000000000000e+000,9.91359447004608e-001
 1.01818181818182e+001,-2.14509844993716e-001,9.81818181818181e+000,9.22574361122748e-001
 2.03636363636364e+001,-3.73144113950566e-001,2.00000000000000e+001,7.91589861751152e-001
 3.01818181818182e+001,-4.66122748219522e-001,3.00000000000000e+001,5.25806451612903e-001
 4.00000000000000e+001,-4.83064516129032e-001,3.98181818181818e+001,3.22228739002932e-001
 4.50909090909091e+001,-4.75976120653540e-001,4.50909090909091e+001,2.29093003770423e-001






 
 
 
 

 
